Sepal length (cm) Petal length (cm) Versicolor (0) or Virginica (1)              7.0               4.7                               0
              6.4               4.5                               0
              6.9               4.9                               0
              5.5               4.0                               0
              6.5               4.6                               0
              5.7               4.5                               0
              6.3               4.7                               0
              4.9               3.3                               0
              6.6               4.6                               0
              5.2               3.9                               0
              5.0               3.5                               0
              5.9               4.2                               0
              6.0               4.0                               0
              6.1               4.7                               0
              5.6               3.6                               0
              6.7               4.4                               0
              5.6               4.5                               0
              5.8               4.1                               0
              6.2               4.5                               0
              5.6               3.9                               0
              5.9               4.8                               0
              6.1               4.0                               0
              6.3               4.9                               0
              6.1               4.7                               0
              6.4               4.3                               0
              6.6               4.4                               0
              6.8               4.8                               0
              6.7               5.0                               0
              6.0               4.5                               0
              5.7               3.5                               0
              5.5               3.8                               0
              5.5               3.7                               0
              5.8               3.9                               0
              6.0               5.1                               0
              5.4               4.5                               0
              6.0               4.5                               0
              6.7               4.7                               0
              6.3               4.4                               0
              5.6               4.1                               0
              5.5               4.0                               0
              5.5               4.4                               0
              6.1               4.6                               0
              5.8               4.0                               0
              5.0               3.3                               0
              5.6               4.2                               0
              5.7               4.2                               0
              5.7               4.2                               0
              6.2               4.3                               0
              5.1               3.0                               0
              5.7               4.1                               0
              6.3               6.0                               1
              5.8               5.1                               1
              7.1               5.9                               1
              6.3               5.6                               1
              6.5               5.8                               1
              7.6               6.6                               1
              4.9               4.5                               1
              7.3               6.3                               1
              6.7               5.8                               1
              7.2               6.1                               1
              6.5               5.1                               1
              6.4               5.3                               1
              6.8               5.5                               1
              5.7               5.0                               1
              5.8               5.1                               1
              6.4               5.3                               1
              6.5               5.5                               1
              7.7               6.7                               1
              7.7               6.9                               1
              6.0               5.0                               1
              6.9               5.7                               1
              5.6               4.9                               1
              7.7               6.7                               1
              6.3               4.9                               1
              6.7               5.7                               1
              7.2               6.0                               1
              6.2               4.8                               1
              6.1               4.9                               1
              6.4               5.6                               1
              7.2               5.8                               1
              7.4               6.1                               1
              7.9               6.4                               1
              6.4               5.6                               1
              6.3               5.1                               1
              6.1               5.6                               1
              7.7               6.1                               1
              6.3               5.6                               1
              6.4               5.5                               1
              6.0               4.8                               1
              6.9               5.4                               1
              6.7               5.6                               1
              6.9               5.1                               1
              5.8               5.1                               1
              6.8               5.9                               1
              6.7               5.7                               1
              6.7               5.2                               1
              6.3               5.0                               1
              6.5               5.2                               1
              6.2               5.4                               1
              5.9               5.1                               1
